import {Piece} from "@/board";

export const MATE_SCORE = 10000;

export const PSQT_KING = new Int16Array([
  108,96,108,76,68,60,68,76,108,96,108,
  96,84,100,68,60,52,60,68,100,84,96,
  108,100,116,84,76,68,76,84,116,100,108,
  76,68,84,52,44,36,44,52,84,68,76,
  68,60,76,44,36,28,36,44,76,60,68,
  60,52,68,36,28,0,28,36,68,52,60,
  68,60,76,44,36,28,36,44,76,60,68,
  76,68,84,52,44,36,44,52,84,68,76,
  108,100,116,84,76,68,76,84,116,100,108,
  96,84,100,68,60,52,60,68,100,84,96,
  108,96,108,76,68,60,68,76,108,96,108
]);

export const PSQT_DEF = new Int16Array([
  0, 2, 6, 8,10,12,10, 8, 6, 2, 0,
  2, 6,10,14,16,18,16,14,10, 6, 2,
  6,10,16,20,24,26,24,20,16,10, 6,
  8,14,20,24,28,30,28,24,20,14, 8,
  10,16,24,28,32,34,32,28,24,16,10,
  12,18,26,30,34,36,34,30,26,18,12,
  10,16,24,28,32,34,32,28,24,16,10,
  8,14,20,24,28,30,28,24,20,14, 8,
  6,10,16,20,24,26,24,20,16,10, 6,
  2, 6,10,14,16,18,16,14,10, 6, 2,
  0, 2, 6, 8,10,12,10, 8, 6, 2, 0,
]);

export const PSQT_ATK = new Int16Array([
  6, 2, -4, -8,-12,-14,-12, -8, -4, 2, 6,
  2,-2,-10,-14,-18,-20,-18,-14,-10,-2, 2,
  -4,-10,-18,-22,-26,-28,-26,-22,-18,-10,-4,
  -8,-14,-22,-28,-32,-34,-32,-28,-22,-14,-8,
  -12,-18,-26,-32,-36,-38,-36,-32,-26,-18,-12,
  -14,-20,-28,-34,-38,-40,-38,-34,-28,-20,-14,
  -12,-18,-26,-32,-36,-38,-36,-32,-26,-18,-12,
  -8,-14,-22,-28,-32,-34,-32,-28,-22,-14,-8,
  -4,-10,-18,-22,-26,-28,-26,-22,-18,-10,-4,
  2,-2,-10,-14,-18,-20,-18,-14,-10,-2, 2,
  6, 2, -4, -8,-12,-14,-12, -8, -4, 2, 6,
]);


export const PieceWeights = {
  [Piece.DEFENDER]: 350,
  [Piece.ATTACKER]: 200,
}

export const KING_SURROUNDING_BONUSES = [0, 20, 50, 90, 100];
